  15  10   9  15  22  37  47  56
  11  11  13  17  24  53  55  51
  13  12  15  22  37  52  63  52
  13  16  20  27  47  80  74  57
  17  20  34  52  63 100  95  71
  22  32  51  59  75  96 104  85
  45  59  72  80  95 111 110  93
  66  85  87  90 103  92  95  91
  16  17  22  43  91  91  91  91
  17  19  24  61  91  91  91  91
  22  24  52  91  91  91  91  91
  43  61  91  91  91  91  91  91
  91  91  91  91  91  91  91  91
  91  91  91  91  91  91  91  91
  91  91  91  91  91  91  91  91
  91  91  91  91  91  91  91  91
