  31  21  19  31  46  77  98 117
  23  23  27  36  50 111 115 106
  27  25  31  46  77 109 132 108
  27  33  42  56  98 167 154 119
  35  42  71 108 131 209 198 148
  46  67 106 123 156 200 217 177
  94 123 150 167 198 232 230 194
 138 177 182 188 215 192 198 190
  33  35  46  90 190 190 190 190
  35  40  50 127 190 190 190 190
  46  50 108 190 190 190 190 190
  90 127 190 190 190 190 190 190
 190 190 190 190 190 190 190 190
 190 190 190 190 190 190 190 190
 190 190 190 190 190 190 190 190
 190 190 190 190 190 190 190 190
