  24  17  15  24  36  60  77  92
  18  18  21  29  39  88  91  83
  21  20  24  36  60  86 104  85
  21  26  33  44  77 131 121  94
  27  33  56  85 103 165 156 116
  36  53  83  97 122 157 171 139
  74  97 118 131 156 183 181 153
 109 139 143 148 169 151 156 149
  26  27  36  71 149 149 149 149
  27  32  39 100 149 149 149 149
  36  39  85 149 149 149 149 149
  71 100 149 149 149 149 149 149
 149 149 149 149 149 149 149 149
 149 149 149 149 149 149 149 149
 149 149 149 149 149 149 149 149
 149 149 149 149 149 149 149 149
