  18  12  11  18  27  45  58  69
  14  14  16  21  29  66  68  62
  16  15  18  27  45  64  78  63
  16  19  25  33  58  98  90  70
  20  25  42  63  77 123 116  87
  27  40  62  72  92 118 128 104
  55  72  88  98 116 137 136 114
  81 104 107 111 127 113 116 112
  19  20  27  53 112 112 112 112
  20  24  29  75 112 112 112 112
  27  29  63 112 112 112 112 112
  53  75 112 112 112 112 112 112
 112 112 112 112 112 112 112 112
 112 112 112 112 112 112 112 112
 112 112 112 112 112 112 112 112
 112 112 112 112 112 112 112 112
