 133  92  83 133 200 255 255 255
 100 100 117 158 217 255 255 255
 117 108 133 200 255 255 255 255
 117 142 183 242 255 255 255 255
 150 183 255 255 255 255 255 255
 200 255 255 255 255 255 255 255
 255 255 255 255 255 255 255 255
 255 255 255 255 255 255 255 255
 142 150 200 255 255 255 255 255
 150 175 217 255 255 255 255 255
 200 217 255 255 255 255 255 255
 255 255 255 255 255 255 255 255
 255 255 255 255 255 255 255 255
 255 255 255 255 255 255 255 255
 255 255 255 255 255 255 255 255
 255 255 255 255 255 255 255 255
