  89  61  56  89 133 222 255 255
  67  67  78 105 144 255 255 255
  78  72  89 133 222 255 255 255
  78  94 122 161 255 255 255 255
 100 122 205 255 255 255 255 255
 133 194 255 255 255 255 255 255
 255 255 255 255 255 255 255 255
 255 255 255 255 255 255 255 255
  94 100 133 255 255 255 255 255
 100 117 144 255 255 255 255 255
 133 144 255 255 255 255 255 255
 255 255 255 255 255 255 255 255
 255 255 255 255 255 255 255 255
 255 255 255 255 255 255 255 255
 255 255 255 255 255 255 255 255
 255 255 255 255 255 255 255 255
