  61  42  38  61  92 154 196 234
  46  46  54  73 100 223 230 211
  54  50  61  92 154 219 255 215
  54  65  84 111 196 255 255 238
  69  84 142 215 255 255 255 255
  92 134 211 246 255 255 255 255
 188 246 255 255 255 255 255 255
 255 255 255 255 255 255 255 255
  65  69  92 180 255 255 255 255
  69  81 100 253 255 255 255 255
  92 100 215 255 255 255 255 255
 180 253 255 255 255 255 255 255
 255 255 255 255 255 255 255 255
 255 255 255 255 255 255 255 255
 255 255 255 255 255 255 255 255
 255 255 255 255 255 255 255 255
