  36  25  23  36  54  91 116 138
  27  27  32  43  59 132 136 125
  32  30  36  54  91 129 157 127
  32  39  50  66 116 197 182 141
  41  50  84 127 154 247 234 175
  54  79 125 145 184 236 255 209
 111 145 177 197 234 255 255 229
 163 209 216 222 254 227 234 225
  39  41  54 107 225 225 225 225
  41  48  59 150 225 225 225 225
  54  59 127 225 225 225 225 225
 107 150 225 225 225 225 225 225
 225 225 225 225 225 225 225 225
 225 225 225 225 225 225 225 225
 225 225 225 225 225 225 225 225
 225 225 225 225 225 225 225 225
