  19  13  12  19  28  46  59  71
  14  14  16  22  30  67  70  64
  16  15  19  28  46  66  80  65
  16  20  26  34  59 101  93  72
  21  26  43  65  79 126 119  89
  28  41  64  74  94 121 131 107
  57  74  90 101 119 140 139 117
  84 107 110 114 130 116 119 115
  20  21  28  55 115 115 115 115
  21  24  30  77 115 115 115 115
  28  30  65 115 115 115 115 115
  55  77 115 115 115 115 115 115
 115 115 115 115 115 115 115 115
 115 115 115 115 115 115 115 115
 115 115 115 115 115 115 115 115
 115 115 115 115 115 115 115 115
