  19  13  12  19  29  48  62  74
  15  15  17  23  31  70  73  67
  17  16  19  29  48  69  83  68
  17  21  27  35  62 105  97  75
  22  27  45  68  82 132 125  93
  29  42  67  77  98 126 137 111
  59  77  94 105 125 146 145 122
  87 111 115 119 136 121 125 120
  21  22  29  57 120 120 120 120
  22  25  31  80 120 120 120 120
  29  31  68 120 120 120 120 120
  57  80 120 120 120 120 120 120
 120 120 120 120 120 120 120 120
 120 120 120 120 120 120 120 120
 120 120 120 120 120 120 120 120
 120 120 120 120 120 120 120 120
