 100  69  63 100 150 250 255 255
  75  75  88 119 163 255 255 255
  88  81 100 150 250 255 255 255
  88 106 138 181 255 255 255 255
 113 138 231 255 255 255 255 255
 150 219 255 255 255 255 255 255
 255 255 255 255 255 255 255 255
 255 255 255 255 255 255 255 255
 106 113 150 255 255 255 255 255
 113 131 163 255 255 255 255 255
 150 163 255 255 255 255 255 255
 255 255 255 255 255 255 255 255
 255 255 255 255 255 255 255 255
 255 255 255 255 255 255 255 255
 255 255 255 255 255 255 255 255
 255 255 255 255 255 255 255 255
