   9   6   6   9  13  22  29  34
   7   7   8  11  15  32  34  31
   8   7   9  13  22  32  39  31
   8  10  12  16  29  49  45  35
  10  12  21  31  38  61  58  43
  13  20  31  36  45  58  63  52
  27  36  44  49  58  68  67  57
  40  52  53  55  63  56  58  55
  10  10  13  26  55  55  55  55
  10  12  15  37  55  55  55  55
  13  15  31  55  55  55  55  55
  26  37  55  55  55  55  55  55
  55  55  55  55  55  55  55  55
  55  55  55  55  55  55  55  55
  55  55  55  55  55  55  55  55
  55  55  55  55  55  55  55  55
