  17  11  10  17  25  42  53  63
  12  12  15  20  27  60  62  57
  15  14  17  25  42  59  72  58
  15  18  23  30  53  90  83  64
  19  23  38  58  71 113 107  80
  25  36  57  67  84 108 118  96
  51  67  81  90 107 126 125 105
  75  96  99 102 116 104 107 103
  18  19  25  49 103 103 103 103
  19  22  27  69 103 103 103 103
  25  27  58 103 103 103 103 103
  49  69 103 103 103 103 103 103
 103 103 103 103 103 103 103 103
 103 103 103 103 103 103 103 103
 103 103 103 103 103 103 103 103
 103 103 103 103 103 103 103 103
