 160 110 100 160 240 255 255 255
 120 120 140 190 255 255 255 255
 140 130 160 240 255 255 255 255
 140 170 220 255 255 255 255 255
 180 220 255 255 255 255 255 255
 240 255 255 255 255 255 255 255
 255 255 255 255 255 255 255 255
 255 255 255 255 255 255 255 255
 170 180 240 255 255 255 255 255
 180 210 255 255 255 255 255 255
 240 255 255 255 255 255 255 255
 255 255 255 255 255 255 255 255
 255 255 255 255 255 255 255 255
 255 255 255 255 255 255 255 255
 255 255 255 255 255 255 255 255
 255 255 255 255 255 255 255 255
