  17  12  11  17  25  42  54  65
  13  13  15  20  28  61  64  58
  15  14  17  25  42  60  73  59
  15  18  23  31  54  92  85  66
  19  23  39  59  72 116 109  82
  25  37  58  68  86 110 120  98
  52  68  83  92 109 128 127 107
  76  98 101 104 119 106 109 105
  18  19  25  50 105 105 105 105
  19  22  28  70 105 105 105 105
  25  28  59 105 105 105 105 105
  50  70 105 105 105 105 105 105
 105 105 105 105 105 105 105 105
 105 105 105 105 105 105 105 105
 105 105 105 105 105 105 105 105
 105 105 105 105 105 105 105 105
