  73  50  45  73 109 182 232 255
  54  54  64  86 118 255 255 250
  64  59  73 109 182 255 255 254
  64  77 100 132 232 255 255 255
  82 100 168 254 255 255 255 255
 109 159 250 255 255 255 255 255
 222 255 255 255 255 255 255 255
 255 255 255 255 255 255 255 255
  77  82 109 213 255 255 255 255
  82  95 118 255 255 255 255 255
 109 118 254 255 255 255 255 255
 213 255 255 255 255 255 255 255
 255 255 255 255 255 255 255 255
 255 255 255 255 255 255 255 255
 255 255 255 255 255 255 255 255
 255 255 255 255 255 255 255 255
