  80  55  50  80 120 200 255 255
  60  60  70  95 130 255 255 255
  70  65  80 120 200 255 255 255
  70  85 110 145 255 255 255 255
  90 110 185 255 255 255 255 255
 120 175 255 255 255 255 255 255
 245 255 255 255 255 255 255 255
 255 255 255 255 255 255 255 255
  85  90 120 235 255 255 255 255
  90 105 130 255 255 255 255 255
 120 130 255 255 255 255 255 255
 235 255 255 255 255 255 255 255
 255 255 255 255 255 255 255 255
 255 255 255 255 255 255 255 255
 255 255 255 255 255 255 255 255
 255 255 255 255 255 255 255 255
