   9   6   5   9  13  22  28  33
   6   6   8  10  14  31  32  30
   8   7   9  13  22  31  37  30
   8   9  12  16  28  47  43  33
  10  12  20  30  37  59  56  42
  13  19  30  35  44  56  61  50
  26  35  42  47  56  65  65  55
  39  50  51  53  60  54  56  53
   9  10  13  25  53  53  53  53
  10  11  14  36  53  53  53  53
  13  14  30  53  53  53  53  53
  25  36  53  53  53  53  53  53
  53  53  53  53  53  53  53  53
  53  53  53  53  53  53  53  53
  53  53  53  53  53  53  53  53
  53  53  53  53  53  53  53  53
