  16  11  10  16  24  41  52  62
  12  12  14  19  27  59  61  56
  14  13  16  24  41  58  70  57
  14  17  22  30  52  89  82  63
  18  22  38  57  69 111 105  79
  24  36  56  65  83 106 115  94
  50  65  80  89 105 123 122 103
  73  94  97 100 114 102 105 101
  17  18  24  48 101 101 101 101
  18  21  27  67 101 101 101 101
  24  27  57 101 101 101 101 101
  48  67 101 101 101 101 101 101
 101 101 101 101 101 101 101 101
 101 101 101 101 101 101 101 101
 101 101 101 101 101 101 101 101
 101 101 101 101 101 101 101 101
