 200 138 125 200 255 255 255 255
 150 150 175 238 255 255 255 255
 175 163 200 255 255 255 255 255
 175 213 255 255 255 255 255 255
 225 255 255 255 255 255 255 255
 255 255 255 255 255 255 255 255
 255 255 255 255 255 255 255 255
 255 255 255 255 255 255 255 255
 213 225 255 255 255 255 255 255
 225 255 255 255 255 255 255 255
 255 255 255 255 255 255 255 255
 255 255 255 255 255 255 255 255
 255 255 255 255 255 255 255 255
 255 255 255 255 255 255 255 255
 255 255 255 255 255 255 255 255
 255 255 255 255 255 255 255 255
