  33  23  21  33  50  83 106 127
  25  25  29  40  54 121 125 114
  29  27  33  50  83 119 144 116
  29  35  46  60 106 181 166 129
  37  46  77 116 141 227 214 160
  50  73 114 133 168 216 235 191
 102 133 162 181 214 252 250 210
 150 191 198 204 233 208 214 206
  35  37  50  98 206 206 206 206
  37  44  54 137 206 206 206 206
  50  54 116 206 206 206 206 206
  98 137 206 206 206 206 206 206
 206 206 206 206 206 206 206 206
 206 206 206 206 206 206 206 206
 206 206 206 206 206 206 206 206
 206 206 206 206 206 206 206 206
