   5   4   3   5   8  13  16  20
   4   4   4   6   8  19  19  18
   4   4   5   8  13  18  22  18
   4   5   7   9  16  28  26  20
   6   7  12  18  22  35  33  25
   8  11  18  20  26  33  36  29
  16  20  25  28  33  39  38  32
  23  29  30  31  36  32  33  32
   5   6   8  15  32  32  32  32
   6   7   8  21  32  32  32  32
   8   8  18  32  32  32  32  32
  15  21  32  32  32  32  32  32
  32  32  32  32  32  32  32  32
  32  32  32  32  32  32  32  32
  32  32  32  32  32  32  32  32
  32  32  32  32  32  32  32  32
