  20  14  13  20  30  50  64  76
  15  15  18  24  33  73  75  69
  18  16  20  30  50  71  86  70
  18  21  28  36  64 109 100  78
  23  28  46  70  85 136 129  96
  30  44  69  80 101 130 141 115
  61  80  98 109 129 151 150 126
  90 115 119 123 140 125 129 124
  21  23  30  59 124 124 124 124
  23  26  33  83 124 124 124 124
  30  33  70 124 124 124 124 124
  59  83 124 124 124 124 124 124
 124 124 124 124 124 124 124 124
 124 124 124 124 124 124 124 124
 124 124 124 124 124 124 124 124
 124 124 124 124 124 124 124 124
