  53  37  33  53  80 133 170 203
  40  40  47  63  87 193 200 183
  47  43  53  80 133 190 230 186
  47  57  73  97 170 255 255 206
  60  73 123 186 226 255 255 255
  80 117 183 213 255 255 255 255
 163 213 255 255 255 255 255 255
 240 255 255 255 255 255 255 255
  57  60  80 157 255 255 255 255
  60  70  87 220 255 255 255 255
  80  87 186 255 255 255 255 255
 157 220 255 255 255 255 255 255
 255 255 255 255 255 255 255 255
 255 255 255 255 255 255 255 255
 255 255 255 255 255 255 255 255
 255 255 255 255 255 255 255 255
