  18  12  11  18  27  44  57  68
  13  13  16  21  29  64  67  61
  16  14  18  27  44  63  77  62
  16  19  24  32  57  97  89  69
  20  24  41  62  75 121 114  85
  27  39  61  71  90 115 125 102
  54  71  87  97 114 134 133 112
  80 102 105 109 124 111 114 110
  19  20  27  52 110 110 110 110
  20  23  29  73 110 110 110 110
  27  29  62 110 110 110 110 110
  52  73 110 110 110 110 110 110
 110 110 110 110 110 110 110 110
 110 110 110 110 110 110 110 110
 110 110 110 110 110 110 110 110
 110 110 110 110 110 110 110 110
