 114  79  71 114 171 255 255 255
  86  86 100 136 186 255 255 255
 100  93 114 171 255 255 255 255
 100 121 157 207 255 255 255 255
 129 157 255 255 255 255 255 255
 171 250 255 255 255 255 255 255
 255 255 255 255 255 255 255 255
 255 255 255 255 255 255 255 255
 121 129 171 255 255 255 255 255
 129 150 186 255 255 255 255 255
 171 186 255 255 255 255 255 255
 255 255 255 255 255 255 255 255
 255 255 255 255 255 255 255 255
 255 255 255 255 255 255 255 255
 255 255 255 255 255 255 255 255
 255 255 255 255 255 255 255 255
