  10   7   6  10  15  26  33  39
   8   8   9  12  17  37  38  35
   9   8  10  15  26  36  44  36
   9  11  14  19  33  56  51  40
  12  14  24  36  44  70  66  49
  15  22  35  41  52  67  72  59
  31  41  50  56  66  77  77  65
  46  59  61  63  72  64  66  63
  11  12  15  30  63  63  63  63
  12  13  17  42  63  63  63  63
  15  17  36  63  63  63  63  63
  30  42  63  63  63  63  63  63
  63  63  63  63  63  63  63  63
  63  63  63  63  63  63  63  63
  63  63  63  63  63  63  63  63
  63  63  63  63  63  63  63  63
