  44  30  28  44  66 111 141 169
  33  33  39  53  72 161 166 152
  39  36  44  66 111 158 191 155
  39  47  61  80 141 241 222 172
  50  61 102 155 188 255 255 213
  66  97 152 177 224 255 255 255
 136 177 216 241 255 255 255 255
 199 255 255 255 255 255 255 255
  47  50  66 130 255 255 255 255
  50  58  72 183 255 255 255 255
  66  72 155 255 255 255 255 255
 130 183 255 255 255 255 255 255
 255 255 255 255 255 255 255 255
 255 255 255 255 255 255 255 255
 255 255 255 255 255 255 255 255
 255 255 255 255 255 255 255 255
