  67  46  42  67 100 166 212 254
  50  50  58  79 108 241 250 229
  58  54  67 100 166 237 255 233
  58  71  92 121 212 255 255 255
  75  92 154 233 255 255 255 255
 100 146 229 255 255 255 255 255
 204 255 255 255 255 255 255 255
 255 255 255 255 255 255 255 255
  71  75 100 196 255 255 255 255
  75  87 108 255 255 255 255 255
 100 108 233 255 255 255 255 255
 196 255 255 255 255 255 255 255
 255 255 255 255 255 255 255 255
 255 255 255 255 255 255 255 255
 255 255 255 255 255 255 255 255
 255 255 255 255 255 255 255 255
