  14   9   9  14  21  34  44  52
  10  10  12  16  22  50  52  47
  12  11  14  21  34  49  59  48
  12  15  19  25  44  75  69  53
  15  19  32  48  58  94  89  66
  21  30  47  55  70  89  97  79
  42  55  67  75  89 104 103  87
  62  79  82  84  96  86  89  85
  15  15  21  40  85  85  85  85
  15  18  22  57  85  85  85  85
  21  22  48  85  85  85  85  85
  40  57  85  85  85  85  85  85
  85  85  85  85  85  85  85  85
  85  85  85  85  85  85  85  85
  85  85  85  85  85  85  85  85
  85  85  85  85  85  85  85  85
